ACEVILLE TRANSPORTES LTDA                                                                                                                                                  PAG:   1
ssw0057                                                                FRETES EXPEDIDOS PARA CADA UNIDADE                                                            05/08/26 08:11
UNIDADE EXPEDIDORA: FLP ACEVILLE TRANSPORTES-FLORIA
PERIODO DE EMISSAO: 04/08/26 A 04/08/26
-------------------+--+-----------+---------+-----------+------------------+--------------+--------------+--------------+--------------+--------------+-----------+--------+-------
UNIDADE RECEBEDORA  UF       QUANT     QUANT    PESOCALC          VALMERCAD      FRETE CIF      FRETE FOB      FRETE TER      FRETE SUB      FRETE TOT      FRETE/   FRETE/    DESC
                               VOL      CTRC         Ton                 R$             R$             R$             R$             R$             R$     CTRC R$  VMERC %       %
-------------------+--+-----------+---------+-----------+------------------+--------------+--------------+--------------+--------------+--------------+-----------+--------+-------
BNU ACEVILLE TRANS  SC          16         6         243          13.129,13         426,23           0,00           0,00           0,00         426,23       71,04     3,25   62,72
JVE ACEVILLE TRANS  SC         146        17       2.291          66.427,39       1.338,91         244,43           0,00           0,00       1.583,34       93,14     2,38   63,06
CTB ACEVILLE TRANS  PR          28         8       1.161          13.653,76         262,26         757,98           0,00           0,01       1.020,25      127,53     7,47   46,74
ITJ ACEVILLE TRANSP SC           8         1          73           3.308,05          60,24           0,00           0,00           0,00          60,24       60,24     1,82   70,00
JDI ACEVILLE TRANSP SP          36        13         967          23.892,88       1.381,23         456,09           0,00           0,00       1.837,32      141,33     7,69   33,49
NVH ACEVILLE TRANSP RS          75         6       2.238          88.884,35       1.182,98       1.475,96           0,00           0,01       2.658,95      443,16     2,99   14,84
SPO ACEVILLE TRANSP SP         140        43       3.921         182.816,41       5.515,75         340,58           0,00           0,00       5.856,33      136,19     3,20   48,47
FLP ACEVILLE TRANSP SC          24         6       1.964          33.801,91       1.473,82           0,00          61,68           0,02       1.535,52      255,92     4,54   27,00
JGA BENNER TRANSPOR SC          20         3         183           6.900,04         161,42           0,00           0,00           0,00         161,42       53,81     2,34   72,05
CHA CHAPECO LOGISTI SC          13         2         152           9.783,78         124,62         199,73           0,00           0,00         324,35      162,18     3,32   26,35
TUB CONFIANCA TRANS SC           3         1          36           3.100,00           0,00          90,67           0,00           0,00          90,67       90,67     2,92   52,36
CRI CRICI LOG TRANS SC           3         2          15           1.328,89          69,35          61,52           0,00           0,00         130,87       65,44     9,85   62,48
SBS RODODIVA TRANSP SC          13         2         124           7.637,48         199,26           0,00           0,00           0,00         199,26       99,63     2,61   51,73
TBO THIAGO ALEXANDE SC           2         1          55           1.218,98          49,98           0,00           0,00           0,00          49,98       49,98     4,10   73,03
-------------------+--+-----------+---------+-----------+------------------+--------------+--------------+--------------+--------------+--------------+-----------+--------+-------
TOTAL:                         527       111      13.421         455.883,05      12.246,05       3.626,96          61,68           0,04      15.934,73      143,56     3,50   45,15
-------------------+--+-----------+---------+-----------+------------------+--------------+--------------+--------------+--------------+--------------+-----------+--------+-------

-------------------+--+-----------+---------+-----------+------------------+--------------+--------------+--------------+--------------+--------------+-----------+--------+-------
GERAL:                         527       111      13.421         455.883,05      12.246,05       3.626,96          61,68           0,04      15.934,73      143,56     3,50   45,15
-------------------+--+-----------+---------+-----------+------------------+--------------+--------------+--------------+--------------+--------------+-----------+--------+-------

**FRETE SUB: Subcontrato emitido pela opcao 004 utilizando tipo de documento "S".












































