ACEVILLE TRANSPORTES LTDA                                                                                                                                                  PAG:   1
ssw0057                                                                FRETES RECEBIDOS PARA CADA UNIDADE                                                            05/08/26 08:11
UNIDADE RECEBEDORA: FLP ACEVILLE TRANSPORTES-FLORIA
PERIODO DE EMISSAO: 04/08/26 A 04/08/26
-------------------+--+-----------+---------+-----------+------------------+--------------+--------------+--------------+--------------+--------------+-----------+--------+-------
UNIDADE EXPEDIDORA  UF       QUANT     QUANT    PESOCALC          VALMERCAD      FRETE CIF      FRETE FOB      FRETE TER      FRETE SUB      FRETE TOT      FRETE/   FRETE/    DESC
                               VOL      CTRC         Ton                 R$             R$             R$             R$             R$             R$     CTRC R$  VMERC %       %
-------------------+--+-----------+---------+-----------+------------------+--------------+--------------+--------------+--------------+--------------+-----------+--------+-------
BNU ACEVILLE TRANS  SC          38        16         287          37.785,39         814,10          93,11           0,00           0,00         907,21       56,70     2,40   69,64
JVE ACEVILLE TRANS  SC         178        38       2.303          72.823,17       2.308,87       1.005,71         268,75           0,03       3.583,36       94,30     4,92   48,98
CTB ACEVILLE TRANS  PR         241        43      15.893         464.015,15       4.193,48      12.908,57         765,00           0,00      17.867,05      415,51     3,85   13,78
ITJ ACEVILLE TRANSP SC         265        13       3.391          74.475,95       2.437,03         253,76           0,00           0,00       2.690,79      206,98     3,61   52,72
JDI ACEVILLE TRANSP SP          72        24       1.826         104.370,30       1.666,25       2.197,58           0,00           0,00       3.863,83      160,99     3,70   36,89
NVH ACEVILLE TRANSP RS          37        20         925          14.329,66       1.888,28           0,00           0,00           0,01       1.888,29       94,41    13,18   47,36
SPO ACEVILLE TRANSP SP       1.014       123      24.093         811.001,42       5.603,43      23.047,89       1.978,72           0,01      30.630,05      249,02     3,78   33,96
FLP ACEVILLE TRANSP SC          24         6       1.964          33.801,91       1.473,82           0,00          61,68           0,02       1.535,52      255,92     4,54   27,00
JGA BENNER TRANSPOR SC           1         1          13             199,80          64,59           0,00           0,00           0,00          64,59       64,59    32,33   62,77
CRI CRICI LOG TRANS SC         127         9       1.923          33.694,74       1.456,40           0,00           0,00           0,00       1.456,40      161,82     4,32   42,58
LGS LUIZ ALBERTO BA SC          27         3         326           2.852,60         270,17           0,00           0,00           0,00         270,17       90,06     9,47   58,18
SBS RODODIVA TRANSP SC          68         7         863          16.574,08         983,86           0,00           0,00           0,00         983,86      140,55     5,94   35,63
-------------------+--+-----------+---------+-----------+------------------+--------------+--------------+--------------+--------------+--------------+-----------+--------+-------
TOTAL:                       2.092       303      53.807       1.665.924,17      23.160,28      39.506,62       3.074,15           0,07      65.741,12      216,97     3,95   33,93
-------------------+--+-----------+---------+-----------+------------------+--------------+--------------+--------------+--------------+--------------+-----------+--------+-------

-------------------+--+-----------+---------+-----------+------------------+--------------+--------------+--------------+--------------+--------------+-----------+--------+-------
GERAL:                       2.092       303      53.807       1.665.924,17      23.160,28      39.506,62       3.074,15           0,07      65.741,12      216,97     3,95   33,93
-------------------+--+-----------+---------+-----------+------------------+--------------+--------------+--------------+--------------+--------------+-----------+--------+-------

**FRETE SUB: Subcontrato de redespacho














































